0
0
0
0
0
0
0.199602272
0
0.121267886
0
0.212414821
0
0.185479058
0.228286586
0.149592287
0.170693806
0
0
0.228408971
0
0
0
0
0
0
0
0
0
0.304189273
0
0.247757017
0.242425937
0
0
0
0
0
0
0
0
0.286319467
0
0
0
0
0.206320248
0.13002202
0
0
0
0
0.225457496
0
0
0
0
0
0
0.220329267
0
0
0
0
0
0
0
0
0
0
0
0.265110667
0.161464684
0.209636568
0.234789715
0
0
0.153531642
0.195855575
0
0
0
0
0
0.132613364
0.07747343
0
0
0
0
0
0.163458124
0.228987254
0
0
0.200393561
0
0
0
0.087476688
0.187657946
0
0
0.17854234
0.124775436
0.265646674
0.136106928
0.151859456
0
0.158547517
0.066612949
0
0.136999586
0.104806019
0
0
0.1117829
0.123530501
0
0
0.161833283
0.287389589
0.184596211
0.26582073
0
0
0.190740578
0.188384396
0
0.255376382
0.173687327
0.169783802
0.069470434
0
0
0
0
0.232228634
0.07508029
0.019188371
0.155192536
0.21552975
0.211655002
0
0.401371016
0.050073812
0.234251511
0.199887253
0.052737841
0.063917783
0.03422591
0.219963677
0.225143169
0.163661204
0.371112791
0.102253881
0.289784531
0.14801216
0.192990769
0.245440155
0.075858795
0.124428364
0.237944106
0.302569487
0.036359038
0.101628907
0.069803511
0.058471991
0.189143243
0.104397783
0.147386132
0.135798511
0.101246243
0.209482958
0.140434688
0.120387465
0.312596946
0
0.241821438
0.277172867
0.278224176
0.184847365
0.069400633
0.166239081
0.140957949
0.175399053
0.254974647
0.26516252
0.119268866
0.143529366
0.171675743
0
0
0.130042756
0.141439282
0.156978894
0
0.187676299
0.215650179
0.143685997
0.173764734
0.158215869
0.158567492
0.221508974
0.110328636
0.087040561
0.122789506
0
0.189855788
0.166843945
0.12293889
0.079116647
0.1941063
0.087542721
0.14438573
0.140735564
0.162027918
0.222233398
0.198455739
0
0
0.10324651
0
0.033203075
0
0.136228939
0
0.101698093
0.128022414
0.164383241
0.169373928
0.180960633
0
0.075429039
0.263950046
0
0.205293557
0.146614929
0.238514312
0
0
0
0
0
0.00629882
0
0
0.018053042
0.121667587
0.006179672
0.12819482200000001
0.037068664
0.022821679
0.071568682
0.138146684
0.133472866
0
0.081733026
0.103119562
0.057762792
0.122859905
0.013704353
0.211798514
0.105423281
0
0
0.095063315
0.164471993
0.041059216
0
0
0.188721695
0.118114833
0.247400692
0.261650688
0.186386665
0.112312577
0.188599073
0.130381622
0.250299716
0.197628961
0.006868056
0.145658848
0.093462592
0.111070448
0.119969004
0.045661384
0.093170731
0.229876409
0.219582715
0.226303285
0.084323238
0.107292199
0.055557885
0.089513962
0.286496665
0.205717702
0.323156922
0.113221719
0
0.186683196
0.231892644
0.129260999
0.196056114
0.152650575
0.173509896
0.1592864
0.110230954
0
0.066517884
0
0.149948103
0.04586732
0.167584279
0.115019424
0.105162203
0.154798846
0.169443357
0.24541442
0.145170572
0.195062882
0.144962066
0.217521371
0.185382213
0.064219182
0.15929424
0.152561798
0.111225191
0.13451664
0.160390665
0.109786957
0.158311641
0.09466808
0.147851983
0.094305724
0.172953184
0.065913429
0.25821282
0.070710258
0.162632103
0.214116189
0.346876281
0.112569992
0.197537892
0.232694964
0.224432035
0.165812835
0.201493252
0.170299158
0.054346351
0.115431295
0.105398454
0.154533628
0.214040623
0.104158718
0.088229786
0.084074867
0.059762911
0.151899029
0.002881425
0.10440815
0.22239961
0.207667298
0.125098231
0.168557645
0.171759694
0.163600571
0.159825577
0.153146062
0.204911995
0.095363267
0.207760824
0.046427618
0.106187202
0.114640765
0.130487716
0.050316729
0.027848005
0.133622423
0.047578622
0.06515141
0.01249335
0.095900555
0.07690682
0.021768658
0.115876172
0.140718614
0.020177447
0.18750265
0.067601337
0.088541409
0.141808507
0.097246338
0.066834028
0.122993113
0.132702435
0.096380436
0.101024004
0.034216418
0.167142376
0.127062922
0.125144359
0.16086854
0.088886569
0.103684951
0.114857756
0.074646226
0
0.038174723
0.008672732
0.142037892
0.110422902
0.101226927
0
0.116211876
0.167191525
0.097707079
2.38085e-4
0.094904384
0.065831535
0.100617208
0.186829598
0.173967334
0.066390937
0.04684055
0.067193317
0.065319127
0.132917565
0.091939742
0.193123179
0.163902673
0.237417663
0.033337023
0.039481482
0.125854675
0.104681031
0.130983257
0.103833157
0.177823604
0.169918785
0.12229827
0.06660118
0
0.055805599
0.07873603
0.15469597400000001
0.084781438
0.140365506
0.155114435
0
0.024100687
0.058613444
0.090169837
0
0.053777824
0.14186936
0.106882196
0.103859421
0.075329502
0.089308997
0.052552486
0.021590274
0.025213986
0
0
0
0.043092167
0
0.128873234
0.017295105
0.115053872
0.128722301
0.178483868
0.207986925
0.02112803
0.071893077
0.107307174
0.036198963
0
0.279085057
0.064413275
0.078405561
0.241491239
0.29614281
0.188545664
0.168458693
0.235193031
0.13365567
0.162504187
0.133155562
0
0.176696394
0.050241024
0.123952053
0.174384607
0.200895904
0.208608681
0.232569791
0.276369702
0.089517868
0.021004651
0.118113266
0.162129372
0.075162116
0.172529225
0.105223396
0.220060418
0.132112353
0.08482733
0.207494723
0.254388625
0.152823551
0.031592491
0.190086641
0.11837926
0.178336366
0.049660718
0.120148972
0.112991875
0.157734054
0.071072224
0.064090539
0.120073508
0.069281488
0.132418539
0.103689742
0.011598085
0.159931514
0.154409915
0.219130214
0.083478429
0.092084579
0.14522763
0.140057561
0.038026599
0.067797764
0.091798618
0.111409755
0.110768746
0.085730354
0.193765808
0.065450537
0.078032323
0.095191963
0.055790461
0.064693647
0.139136873
0.065942029
0.089041412
0.056256492
0.006383873
0.069616493
0.090201579
0.109157035
0.172637932
0.175012214
0.160685042
0.060464654
0.095879195
0.182020784
0.190591421
0.180141022
0.193462989
0.134498407
0.201190408
0.21494117
0.202858909
0.159319035
0.187461358
0.160899317
0.145435935
0.218575642
0.115592402
0.105168445
0.14485719
0.215783962
0.100122965
0.120067959
0.132530742
0.127012575
0.113669655
0.129146947
0.050239037
0.137219143
0.050389346
0.090568679
0.097502778
0.095172704
0.141158465
0.112267194
0.121105409
0.083068824
0.163439645
0.189780334
0.287024952
0.14513318
0.157692018
0.087295857
0.022668919
0.082403182
0.24083687
0.142722506
0.134485803
0.270823636
0.177221526
0.202777304
0.052680267
0.078137055
0.111992783
0
0.175648786
0.20165931
0.101820137
0.237808813
0.234620631
0.191989238
0.226801947
0.166127095
0.207976327
0.119289727
0.139401874
0.143145212
0.130628902
0
0.220682687
0.279398309
0
0.195686502
0.109841274
0.138566266
0.11756746
0.261182823
0.201195631
0.159025174
0.192383995
0.221970311
0.132214559
0.250780545
0.194151358
0.086602829
0
0.347595689
0.252016472
0
0
0.180871105
0.063616342
0.301273134
0.190794592
0.167675821
0.177338653
0.086356141
0.190024948
0.237782649
0.265250731
0.097385376
0.117269108
0.181286357
0.172191174
0.149939481
0.135966917
0.179424513
0.104987448
0.09938369
0.088428618
0.038455592
0.206570462
0.146291865
0.170385024
0
0.079094904
0.141222563
0.134620197
0.14619487
0.123962394
0.116374587
0.131727525
0.256609333
0.165148477
0
0
0.057516156
0.171778319
0.103860366
0.135082513
0.096764418
0.113807166
0.084607711
0.139655144
0.307565588
0.154100879
0.2141045
0
0
0.120701998
0.117166185
0.141633236
0
0.213653118
0.137593286
0.205977641
0.269196624
0.15255535
0.104424516
0.202527126
0.167779207
0.193781631
0.29352267
0.219247569
0.206321284
0.207238328
0.095202732
0.261125225
0.16358991
0.037861961
0.101011017
0.084296617
0.103078332
0.137217658
0.047714216
0.12879889
0
0.011570695
0.067775519
0.232836923
0.040039474
0.084511229
0.051109552
0.139124199
0.162556507
0.138041968
0.127033137
0.050000699
0.088879025
0.014976056
0.146704763
0.255973464
0.100531512
0.029634241
0.050921763
0.080668767
0.180122177
0.208464638
0.21261138
0.05507114
0.128276162
0.13878448
0.158007935
0.26131302
0.164052934
0.026994532
0.037250606
0
0.164213832
0.216022979
0.149476575
0.080120913
0.126203453
0.0253417
0.070562983
0.105278142
0
0
0
0.142281617
0.1758432
0
0.068739094
0.026534513
0.198377445
0.166859451
0.155248208
0.150447942
0.002434666
0.152674502
0.128770466
0.060352336
0.074643907
0.048980783
0.170663563
0.022634215
0
0.104277766
0
0
0.248419483
0.14337112
0
0
0.210229237
0
0.182331278
0.176658125
0.121461918
0.050038449
0.081516283
0.130966423
0.102720223
0.090026811
0.162653511
0.217992844
0.305675773
0.133743576
0.140040045
0.14858184
0
0.184637203
0.193696876
0.065214896
0.156463346
0.124941941
0.042556914
0.067077485
0.092535818
0.103120282
0.131512285
0.196708554
0.159066494
0
0.277763029
0
0
0.010042332
0.052426074
0
0
0.122816409
0.161270322
0.225589204
0.187804028
0.057919969
0.069078446
0.134517897
0.089015036
0.039981747
0.155104292
0.040692924
0.130584985
0.076823065
0.060579693
0
0.205399094
0.248060283
0
0.218016349
0
0.079413369
0.13247971
0
0.097261761
0.148844399
0.231844353
0.182261795
0
0.076627063
0.168940137
0.075666368
0.231423907
0.087650672
0
0.090188584
0.212299849
0.37679223
0.306883122
0.223531302
0.320824577
0.173147
0.098118495
0.179686934
0.196426898
0.324916176
0.084046513
0.164687863
0.104739313
0.290164576
0.118482195
0.30299489
0.211833345
0
0.156237682
0.300533451
0.264084201
0
0.080901653
0.324595109
0.13654136
0.106681675
0.231582042
0.254113155
0.112584044
0.1165875
0.075392025
0.222976095
0.195889338
0.090991289
0.243757793
0.223233875
0.138854446
0.149063336
0.040646944
0.026715465
0.295353692
0.314385102
0.19322119200000001
0.180255113
0.145368472
0.123355376
0.251870743
0.006828123
0.099659831
0.217791524
0.154383929
0.295387857
0
0
0.141978554
0.13588035
0.091381925
0.214928043
0.124554719
0
0.040365931
0.225577509
0.131491078
0.271752288
0.273932699
0.154118355
0.05094535
0
0.204736515
0.069121722
0.311559579
0.275666416
0.136239856
0.360843737
0.17696145
0.230164298
0.241208074
0.304608876
0.155876366
0.074630278
0.089626388
0.255325967
0.238083017
0.232432002
0.190295178
0.28151849
0.156159706
0.181089484
0.072156735
0.235285908
0.234754663
0.297470511
0.13360019
0.259057742
0.222763673
0.312676475
0.314478637
0.123907548
0.282132944
0.270562345
0.25584344
0.19114283
0.122136813
0.198160263
0.250914945
0.238850844
0.161573336
0.187259625
0.231127623
0.253440166
0.22584032
0.303324201
0.215347048
0.273438632
0.290454876
0.230792876
0.228717219
0.175394878
0.250559215
0.223306706
0.241181962
0.233984845
0.149749111
0.117548765
0.159287242
0.184437728
0.152607281
0.047898178
0.181981414
0.100591616
0.082035854
0.228807133
0.2087686
0
0.047314297
0.193044184
0.202938088
0.174791016
0
0.133866089
0.16955578
0.218870538
0.182546062
0.194679873
0.224230557
0.093208362
0.221893362
0.240259227
0.214089763
0.147060777
0.271007824
0.176715299
0.162978961
0
0.11834359
0.202602245
0.227779731
0.136159046
0.096020041
0.125663198
0
0.108599175
0
0.021506109
0
0.027215398
0.021257409
0.133874421
0.131299143
0.314621758
0.269096647
0.182887845
0.222378593
0.20238011
0.155439936
0.220106659
0.151160194
0.160023082
0.222935269
0.129400718
0.158980223
0.048404295
0
0.296784611
0.099248985
0.086076144
0.144726546
0.15367745
0.143646152
0.081648053
0.305929487
0.105375802
0.362000374
0.276507758
0
0.352624637
0.377053282
0.195524145
0.097528295
0.181179761
0.12812189
0.241104632
0.221873815
0.179598988
0.236495956
0.116952585
0.155537283
0.064170454
0.074728756
0
0.155845422
0.316002238
0.203605003
0.23998878
0.097008916
0.109851386
0.130106072
0.321552486
0.198819572
0.258491696
0.056982698
0.19174844
0.164806891
0
0.089652842
0.129475172
0.364715992
0.171440853
0.265644024
0.210829682
0.250658508
0.111654013
0.243006476
0.265069005
0.120063227
0.21053353
0.214377519
0.09548508
0.149701501
0.150407839
0.184720968
0.246918828
0.201119518
0.163351055
0.14200458
0.183154958
0.193715596
0.145177257
0.062093026
0.173187778
0
0.097832567
0.060970256
0.053533047
0.042154627
0.117718148
0.124781035
0.160253486
0.075393501
0.093135826
0
0.06922693
0.068752725
0.026690118
0.163323046
0.06977305
0.097755569
0.089874433
0.049397795
0.153330064
0.200949116
0.080023553
0.13965962
0.112954943
0.071416588
0.096145211
0.060528678
0
0.027242046
0.129190672
0
0.197304225
0
0.142239083
0.144006857
0.101300219
0.060136326
0.129953927
0.089311874
0.059365819
0.060282336
0.172439055
0.082374797
0.214883234
0.142955444
0.142133342
0.143713683
0.089202895
0.18303118
0.151140226
0.191962657
0.116477321
0
0.111436618
0.169891013
0.125606302
0.085896855
0.183305405
0
0
0.174803814
0.104547001
0
0.091426292
0.08749879
0.285727903
0
0.1175175
0.111969949
0.17113495
0.214489002
0.077386187
0.127139478
0
0.100567093
0.154982646
0.205163594
0.206381424
0.14948746
0.154795145
0.092842795
0.174183211
0.051371874
0.100114895
0.178786008
0
0.193946594
0.190291734
0.185166511
0.212075265
0.255199241
0.276729877
0.094871503
0.06168683
0.208065659
0.221659224
0.119014694
0.135583948
0.111162688
0.162995554
0.198413751
0.16533029899999999
0.097585382
0.269992748
0.191977725
0.254044793
0.214735894
0.196024512
0.272097668
0.309951189
0.263240196
0.251680532
0.141991562
0.105336242
0.155016036
0.159044363
0.144922507
0.289042801
0.247647758
0.168865706
0.299266723
0.10436102
0.162856204
0.112815918
0.059060724
0.103218864
0.046883422
0.018989905
0.056194623
0.13722613
0.140419749
0.189512786
0.073317563
0.143389449
0.139681516
0.098040547
0.121061336
0.157430204
0.045050218
0.190296214
0.061121562
0.146502049
0.082892535
0.245143966
0
0.171144489
0.193532661
0.119371008
0.147524051
0.08829838
0.132412105
0.093332292
0.053056285
0.147543234
0.114621382
0.075424712
0.149560251
0.058529371
0.02445353
0.079166253
0.211030144
0.164355271
0
0
0.114579144
0
0.208218277
0
0.111016939
0.238029839
0.106238241
0
0
0.162671133
0.056834021
0.064833064
0.293816892
0.141874314
0.039415831
0.096243789
0.167692251
0.086518679
0.153359917
0.061537207
0
0.077127535
0.043204616
0.02202656
0.184420324
0.165229442
0.017624956
0.128778314
0.072557627
0.036260626
0.012162043
0
0.140954734
0.096327491
0.039935286
0.027412324
0
0
0
0.045769745
0.151752159
0.005907154
0.051061539
0
0
0.0262461
0
0.058106394
0
0.06471965
0.057285363
0
0
0
0.092341083
0.065401412
0.012609013
0
0.104264133
0.131444543
0.04641743
0.017677658
0.136765077
0.064986729
0.027676983
0.033529746
0
0
0.010349067
0.043742314
0.074068159
0
0.088529461
0.095355013
0.014341091
0.182687182
0.092191508
0.035686638
0.206310154
0.01368869
0.087783295
0.125325297
0.114051577
8.40908e-4
4.58689e-4
0.181962825
0.190411813
0.203487022
0.062188538
0.164941037
0.213044873
0.066283883
0.110893754
0.188588024
0.254008102
0.172102638
0.067740233
0.080287059
0.188883415
0.102623439
0.108042427
0.026090328
0
0.072101384
0.107763864
0.116411489
0.137354773
0.184083452
0.109496892
0
0.162777763
0.039625059
0
0.106746051
0.13177208
0.081162106
0.012986137
0.047585548
0.262568731
0.183486896
0.201372425
0
0.122798915
0.32923073
0.186092274
0.152859414
0
0.076097553
0.041597429
0.013443614
0.052902177
0.131697247
0
0
0
0
0
0.058103945
0.173902841
0.019873458
0.168519003
0.011249284
0
0.123022694
0.014583494
0
0.008202298
0.242513726
0
0.116145086
0.064019672
0.179743504
0
0.068706407
0.078628401
0
0.149247475
0.153529084
0
0.104234942
0.120255042
0.138072104
0.009985741
0.088568353
0.088753514
0.032036779
0
0.061377368
0.174809593
0.174911589
0.058349767
0.246286743
0.12884805
0.056044803
0.009404487
0.026448222
0.025988598
0.076687058
0.205017824
0.179778082
0.015132973
0
0.22944093
0.171015686
0.258657551
0
0.108604541
0
0.133462732
0.11144919
0.156912197
0.113807632
0.169495171
0.225065174
0.302145181
0.158781765
0
0.145431919
0.236108275
0.033551208
0.004116486
0.137253009
0.075698885
0.120738247
0.112706334
0.199867693
0.093598004
0.027028956
0.157266881
0.157696353
0.227165226
0.146411637
0
0.135061856
0
0
0.233077614
0.220592438
0.12155772
0.102969817
0.092718865
0.18349216
0.31766171
0.233784664
0.153970018
0.333229211
0.358772088
0.301858996
0
0.064261539
0.177962898
0.183739093
0.219689285
0.024230235
0.067988762
0.190469454
0
0.08242596
0.165756955
0.203036141
0.175292611
0.151754698
0.181771175
0.0522487
0.186864964
0.182137403
0.139345233
0.181841419
0.209762167
0.133315597
0.146300784
0.21231756
0.247331556
0.151757072
0.09262206
0.075346711
0.239618605
0.177801894
0.158670487
0.214445321
0.278252278
0.107098001
0.110673704
0.21182048
0.22850359
0.004656811
0.06145219
0.122717671
0.118532066
0.182393976
0.212618606
0.078009969
0.082677495
0.155996146
0.167634991
0.157973104
0.239519464
0.095884541
0.221467466
0.148836706
0.181550942
0.15746276
0.154248104
0.247806773
0.223599684
0.151793409
0
0.264872609
0.191232703
0.172890167
0.160280878
0.136923557
0.079257427
0.262304691
0.12097216
0.090186409
0.303073834
0.073829992
0.175030983
0.10416199
0
0.216372903
0
0.32729981
0.243525211
0
0.370581822
0
0.244064214
0.215852665
0.378664273
0.23323946
0
0.304912452
0.190768615
0.249408656
0.264777047
0
0.14514956
0.317745839
0.269631539
0.313410642
0.324971668
0.28167712
0.384153987
0.110216342
0.167349969
0.347518222
0.105350463
0.156897638
0.196531511
0.258806085
0.261704372
0.234173552
0.27900772
0.157867359
0.331224297
0.328989523
0.187553346
0.323007261
0.217559604
0.381869363
0.17634984
0.23051994
0.350892227
0.318953871
0.269887749
0.177472396
0.331753218
0.18450674
0.173065978
0.287967478
0.227888439
0.146355376
0.326348296
0.302178526
0.371702735
0.205514748
0.249565602
0.130064773
0.194101365
0.21932309
0.281576463
0.271176029
0.306600599
0.272215827
0.235122933
0.165535598
0.241383163
0.32242378
0.328089924
0.242353387
0.304031682
0.33561314
0.268585338
0.198436575
0.285200198
0.325293716
0.315983319
0.102454309
0.199751046
0.212946396
0.247863739
0.367099498
0
0.22472647
0.129754475
0.357111191
0.136095738
0.24421342
0.280292741
0.201159116
0.216191865
0.259590569
0.154302193
0.107365252
0.199702117
0.2532757
0.309375037
0.285809252
0.218333243
0.212998908
0.234170389
0.222307144
0.251093112
0.159520497
0.369206801
0.301667903
0.181823947
0.249661864
0.254535414
0.335191737
0.065427403
0.117068535
0.176879817
0.261290989
0.23508876
0.1929814
0.158842523
0.306323813
0.208033589
0.19728294
0.230102097
0.362936826
0.348823641
0.248155775
0.273229802
0.350889279
0.313232381
0.252237609
0.26429204
0.438774796
0.268364067
0.260501569
0.2416751
0.265518441
0.238237021
0.141249494
0.268737308
0
0.377002517
0.349469313
0.25251485
0.154099785
0.026817003
0.219399261
0.112296477
0.208118491
0
0.01838216
0.02683865
0.049837588
0
0.159706621
0.034719814
0
0.198053208
0.146181838
0
0.077075002
0.171083413
0.148516433
0.124980391
0.180207632
0
0.061946698
0.121002673
0.115028366
0
0
0.028027186
0
0
0.123254239
0.034994917
0
0
0.174014387
0.017341582
0.005779919
0.060646336
0
0
0
0
0
0
0.052188321
0
0
0.095219991
0
0
0
0.012431016
0
0
0
0
0
0
0
0
0
0
0
0
0
0
0
0
0
0
0
0.02229008
0
0
0
0
0
0
0
0
0
0
0
0
0
0
0
0
0
0
0
0
0
0
0
0
0
0
0
0
0
0
0
0
0
0
0
0
0
0
0
0
0
0
0
0
0
0
0
0
0
0
0
0
0.090723276
0.258128781
0.183209074
0.120581251
0
0
0
0.120145689
0
0.166099169
0.161055939
0.07158202
0.148880866
0
0.105618627
0.147857555
0.24160469
0.225296526
0.081284194
0
0.02535551
0.155258468
0
0.075103245
0.093888243
0
0.029366359
0
0.123461362
0.177892945
0.046714879
0.228928659
0.019962491
0.034390062
0.015991615
0.03257054
0
0.08366262
0.189176223
0.118155658
0.182101828
0.12849428
0.134055861
0.06561253
0.083801835
0.112031969
0.059445146
0.108645197
0.064396571
0.204562544
0.168574155
0.092610192
0.098851038
0.153348421
0.298969113
0.135116782
0.067454534
0.055865606
0.059432436
0.150150588
0.177553242
0.036580393
0.079025743
0.078724068
0.051108632
0.067611311
0.209651656
0
0
0.090391309
0.05472655
0
0.178796643
0.055117679
0.223232184
0.116210731
0
0.107921024
0.146157182
0.153358478
0.061197238
0.096268046
0.006474293
0.111701774
0.089597049
0.209620093
0
0.047932146
0.089088946
0.048748893
0.04408625
0.138961342
0.108519595
0.33621008
0.228851919
0.138332992
0.181649416
0.182063678
0.071485056
0.11942496
0
0.200577665
0.172692288
0.074726542
0.118518858
0.287035333
0.227449587
0.209308412
0.231112009
0
0.213992172
0.143834742
0.109557641
0
0.173377021
0.172275442
0.15224159
0.178992897
0.243300618
0.211686072
0.185985782
0.154033923
0.168084476
0.204327751
0.201326821
0.127121167
0.113921294
0.045671915
0.065404052
0
0.141446791
0.148970295
0.180431805
0.167963661
0.177727432
0.182640507
0.159334546
0.096306178
0.145277996
0.112568047
0.169834179
0.081094067
0.024919979
0.085044411
0.093459434
0.120307421
0.11905367
0.217385601
0.131755956
0.178837512
0.134166288
0.113486525
0.020119839
0.273563041
0.090680034
0.118466274
0.227540134
0.144283236
0.06744001
0.088099294
0.106757166
0.151395901
0.182707137
0.200999855
0.164947261
0.090550685
0.062638129
0.289487611
0.086202608
0.129288942
0
0.05175328
0.290523926
0
0.073471302
0.011139598
0.149948344
0.141908982
0.114166372
0.078110085
0.075520525
0.174135315
0.252726348
0.186944057
0.276696768
0.021001191
0.207978803
0.110357752
0.169451277
0.11081122
0.122207477
0.122737931
0.116285739
0.223292037
0.30084744
0.076792159
0.204182415
0.223376592
0.168128637
0.177769887
0.226443775
0.072649673
0.216160285
0.096714217
0
0.026338104
0.111779629
0.183753287
0.127657383
0.105427677
0.204705657
0.138845693
0.24721352
0.175993996
0.149357762
0.179060365
0.129369152
0.092150297
0.222375688
0.251567048
0.289690888
0
0.102878256
0
0.212188936
0.274082061
0
0
0
0
0
0
0
0.123596284
0.103290417
0.107358069
0.254503003
0.283063741
0.192793888
0.143074482
0
0
0
0
0
0
0
0
0
0
0.14311689
0.200947907
0
0
0
0
0
0
0.204284413
0
0
0
0.297134196
0
0
0
0
0.174644379
0
0
0
0
0
0.1442755
0
0
0
0
0
0
0
0
0
0
0
0
0
0
0
0
0
0
0
0.085809627
0
0.088992028
0
0
0
0
0
0
0
0
0.111105178
0
0
0
0.062410847
0
0
0.148459428
0.271653146
0.134121441
0.105310912
0
0
0.106320559
0.115401176
0.092156484
0.220166331
0.01768956
0.188005531
0
0
0.186653872
0
0.255315367
0.131119599
0
0.199707426
0.245222377
0.109974501
0.276728769
0.25991853
0.178338922
0.016871762
0
0.139417708
0
0
0.140199396
0
0.172613766
0.125613562
0.149776351
0.084217476
0
0
0.305157514
0.268537637
0.246719693
0.10600666
0
0
0
0
0.331457421
0.356677702
0
0.384157221
0
0
0.249202441
0.234488347
0.286107024
0.273796457
0.006364964
0
0
0.166621793
0.252857512
0
0.217788499
0.294546379
0.078171505
0.04283188
0
0
0.116132238
0.177155074
0.346813278
0.066718891
0.319625035
0
0.0093734520000000009
0.023616039
0.088706462
0.392701931
0.140275191
0.170998432
0.154594895
0
0.17297125
0
0.21308322
0
0
0.292523841
0.125723767
0.16149762
0.144548084
0.167241174
0.170877055
0.144213006
0.251500404
0.165452579
0.149522945
0.05386828
0.27919239
0.164698175
0
0.175487783
0.19089894
0.149235139
0.270763519
0.219525466
0.258794442
0.215741061
0.255272002
0.092216667
0.194795997
0.241009444
0.147395206
0.234229556
0.068373335
0.091882797
0.105256224
0.201296517
0.048690889
0.089800091
0.078614175
0
0.135554502
0
0
0.14587477
0
0.168046034
0.121256841
0.03574972
0
0.180171487
0.140689923
0.094080987
0.022889747
0.094219172
0
0
0
0
0.023337561
0
0
0
0
0.084367072
0
0
0.081365722
0.058954486
0.015340592
0
0
0
0.039163472
0
0
0.092996051
0.149727179
0
0.115731347
0.053297086
0.011357236
0.088931294
0.080643593
0
0
0
0.021846016
0.094064372
0.102833976
0
0
0
0
0.012608932
0
0
0
0.129048446
0.218883672
0.246765488
0.089942228
0.170391146
0.244432586
0.024859139
0
0.03540533
0.016968405
0.071631494
0
0.116140795
0.140283735
0.124599543
0.193943157
0.110154855
0.080170858
0.148872713
0.077910415
0.050816444
0
0
0.076176245
0.099676216
0
0.052081884
0.171842961
0
0.139121222
0.099553439
0.229630538
0.14991268
0
0
0
0.046720832
0.10277172
0.06937892
0.114988042
0.003351964
0.11898592
0.211441013
0.141482281
0.175408588
0.161990026
0.116250602
0.034011311
0.038919195
0.15632403
0.20237046
0.134235533
0.057184204
0.1573944
0.072988487
0.076303173
0.040853173
0.25939252
0.075387989
0.190803054
0.196198882
0.125845627
0.078737589
0.210906843
0.225503517
0.175583435
0.114501886
0.151036377
0.151347816
0.159925783
0.153130557
0.17331833
0.135972921
0.115705674
0.12463419
0.144959335
0.018082265
0.125301947
0.158823058
0.138043414
0.117989748
0.169858887
0.110183592
0.132292455
0.068313188
0.153616131
0.006464688
0.090380865
0.117117729
0.041598277
0.165282108
0.05318897
0.006512595
0.081529144
0.042495307
0.302079451
0.124535216
0.122335568
0.190275371
0.178173427
0.208742754
0.303369168
0.182799668
0.153645224
0.118666623
0.053818334
0.060568431
0.034058114
0.122935566
0.073736919
0.258530424
0.135257012
0.042504928
0.200042782
0.232165762
0.13742216
0.239500788
0.180325824
0
0
0.222138915
0.178132617
0.067009688
0.059385041
0.122418967
0.243229615
0.095291627
0.11540461
0.109720376
0.174501267
0.224699285
0
0.15208917
0.169013167
0.159106037
0.165376354
0.181292284
0.109652885
0.087727605
0.15034087
0.205613044
0.212395278
0.191687746
0.03053233
0.135321668
0.085618012
0
0.184548976
0.145963945
0.17168477
0.06944716
0.199545413
0
0.223516885
0.071702578
0.029014648
0.179203849
0.059330082
0
0.074213038
0.079631249
0.108778916
0.003692191
0.165714823
0.061178739
0.033905412
0
0.180385801
0.17990669
0.220428861
0.228445663
0.024419199
0.0886433
0.109896752
0.139170679
0.028146276
0
0.041013142
0.038193733
0.057977847
0.142650773
0.029984333
0.017119591
0.192882854
0.092376147
0.094380589
0.059915924
0
0.092535771
0.007627645
0.05966884
0
0.222518538
0.192642588
0.046236663
0.150189249
0.022619606
0.16353164
0.012900288
0.109918559
0.124267968
0.109677024
0.192420301
0.007227206
0.168935191
0.131716316
0.113380207
0.219148242
0.156798381
0.125943004
0.116809781
0.164208431
0.100340013
0.036276305
0.104546808
0.128343408
0.135722499
0.140595532
0.205155318
0.061794552
0.155285371
0.041421416
0.211787284
0.160886637
0.223762629
0.070195766
0.182383278
0
0.131384552
0.063329715
0.13041747
0.15097315
0.233746014
0.177073573
0.040476455
0.13201276
0.096412247
0.061282913
0.084391935
0.135121776
0.12769311
0.106351406
0.141454076
0.029328049
0.251747922
0.148005879
0.060499141
0.099689863
0.186284344
0.118930758
0.201033933
0.163860952
0.110031665
0.099144492
0.040834824
0.132180866
0.158975579
0.030350216
0.060690672
0.122207416
0.195788105
0.040080933
0.179840702
0.186749227
0.103881788
0.181823677
0.084140546
0.135740357
0.020015637
0.072591646
0.015435416
0.156051917
0.118576284
0.174189379
0.023766742
0
0.14161466
0.090653484
0.150338598
0.012834916
0.158942792
0.174174022
0.079159404
0.144217805
0.058109705
0.244309352
0.202495424
0.187510974
0.142044577
0.096473664
0.188826098
0.119261106
0.13787916
0.11908381
0.070759447
0.025565095
0.013250807
0.003240895
0.073295882
0.097437452
0.162442378
0.167169111
0.075072619
0.071593418
0.090479124
0.105466343
0.066449815
0.157492603
0.131517802
0.133289684
0.062694271
0.139830808
0.11354887600000001
0.174172851
0.142934009
0.124614279
0.064855775
0.111756026
0.175308742
0.022551827
0.231871174
0.086325668
0.051232416
0.101193548
0.034485821
0.192587145
0.18614136
0.135458234
0.081607232
0.272141866
0.070125864
0.166885391
0.223643885
0.209313604
0.183794908
0.200210704
0.220604167
0.117168818
0.005473123
0.001387676
0.159610302
0.204726467
0.138720659
0.191153904
0.286408656
0.23916071
0.24068183
0.136854576
0
0
0.136856443
0.124436317
0.186921489
0.225906986
0.14979214800000001
0.195765713
0.098461652
0.088964424
0.061962118
0.15631553
0.292232921
0.075936579
0.231082122
0.197243076
0.163480889
0.088377878000000007
0.209844216
0.177109853
0.162825458
0.11894064
0.147787783
0.221093012
0.246281633
0.214372724
0.230400547
0.278100059
0.112319817
0.084726962
0.038985238
0.058970634
0
0.139997067
0.223448069
0.164278797
0.221385702
0.152951253
0.145851148
0.123434142
0.1555134
0.076509822
0.109818455
0.064202187
0.115814774
0.245843794
0
0.232048978
0.173888093
0.271664875
0.197694541
0.050033371
0.001511542
0.237167468
0.166732236
0.039395288
0.051798085
0.097847565
0
0.091661709
0.025401437
0.259262904
0.184475297
0.147755486
0.074895156
0.156564581
0.294354327
0.042552567
0.170701728
0.030845816
0.176941682
0.116368606
0.119257136
0.179488616
0.071911655
0.129293196
0.044523417
0.171714637
0.159401533
0
0.295401209
0.17081732
0.221987254
0.133317771
0.086087519
0.154319138
0.148983688
0.214173171
0.189389778
0.286708414
0.153366331
0.202998604
0
0.1708178
0.066858537
0.104953744
0
0.059481147
0.063485636
0.05046425
0.128205142
0.107420615
0.193328263
0.068090622
0.129637767
0.144479288
0
0.086883417
0.036003382
0.010606557
0
0.085674015
0.180350818
0.131235531
0.078042716
0.104850843
0.131165629
0.177183732
0.205482539
0.203043335
0.216481091
0.108227118
0.180209734
0.168491986
0.195356424
0.04458458
0.187632664
0.020897166
0.128951414
0.181390368
0.065344968
0.089046598
0.179669553
0.22669297
0.161518238
0.078944292
0.028813251
0.096264607
0.081457879
0.036054051
0.058639513
0.042019567
0.152726574
0
0.21016109
0.10244639
0.093120011
0.003748077
0.089181271
0.098440993
0.067770691
0.007645514
0.008407701
0.097908391
0.081243474
0.052760813
0.161329029
0.095898613
0.091109906
0.062091533
0.059496012
0.053967134
0.072026292
0.101405699
0.058172696
0.066205579
0
0
0.099996643
0
0.158023809
0.060427251
0.192199426
0.052860921
0.15430251
0.044139685
0.124097501
0.066026034
0.079672079
0.08832949
0.150793909
0.094507159
0.075475828
0.147884513
0.166512427
0.11350471
0.210515031
0.246138894
0.084208403
0.103225197
0.139733004
0.149357464
0.120024579
0.25868382
0.164739262
0.173091039
0.076012061
0.104424933
0.138102207
0.157494172
0.175489924
0.074270335
0.148453315
0.198265852
0.040814449
0.212710942
0.164666158
0.204589322
0.227530463
0.137239654
0.10327176
0.218527796
0.23510463
0.29115235
0.099834247
0.216252979
0.261746473
0.24472954
0.056144131
0.191935237
0.332378101
0.121026503
0.170582977
0.117373825
0.235882383
0
0.230514992
0.21151702
0
0.199301492
0.095821556
0
0.151367961
0.153306015
0.10667898
0
0.16418755300000001
0
0.096666921
0.059298712
0.050217326
0.025262036
0.265948534
0.082526439
0
0
0.068649449
0.188128546
0.213146816
0.217621896
0.131462136
0.093587402
0
0.127782907
0.104844088
0
0.17657021
0.151771906
0.068828284
0.056314835
0.124426937
0.143588762
0.128337426
0.248063879
0.263442592
0
0.108940661
0.135649068
0.089213139
0.078379835
0
0.077087075
0.049755662
0
0.193983711
0.13547758
0.324294836
0.085304884
0.103640395
0
0.119581803
0.252280109
0.313353073
0.132343053
0.377774711
0.037466593
0.155855468
0.188692605
0
0.041646714
0.260568873
0.097065485
0.209474056
0
0.245850064
0.163360168
0.219359047
0.233178676
0.318144122
0.174187614
0.360525936
0.253293517
0.352211138
0.182365306
0.372694474
0.08389097
0.243205793
0.104098485
0.089119384
0.170907376
0.166720603
0.213208409
0.108040506
0.049685709
0.12907627
0.274604892
0.072298112
0.164689863
0.093421723
0.062186852
0
0.207320427
0.206726788
0.119725363
0.258175977
0.21161214
0.089163822
0
0.152467762
0.17071182
0.261914036
0.114382359
0.223895537
0.061162866
0.126867105
0.194798219
0.171825847
0.272481265
0.106655661
0.336778406
0.209716154
0.135400784
0.10828887
0.172775107
0
0.211534429
0.072447946
0
0.235181795
0.208569439
0.052665265
0.235171195
0.072809802
0.184059892
0.09658986
0.151665859
0.138432071
0.106655164
0.120662126
0.107916727
0.174909284
0.112863271
0.180072749
0.096421099
0.195258526
0.091980155
0.159477545
0.051942522
0.209069168
0.116565274
0.239304922
0.16667612
0.16445794
0.146870555
0.108596823
0.29883549
0.193016439
0.21320781
0.116575648
0.234581055
0.205081469
0.142007702
0.158296328
0.123439511
0.126559531
0.102795148
0.076742654
0.036218386
0.045023844
0.116621383
0
0.121691731
0.094510981
0.160845608
0.039001076
0.15720184
0.094746679
0.088672019
0.186592488
0.105377703
0.226856871
0.149890534
0.23387313
0.209841464
0.080766838
0.159309147
0.144394292
0.136818096
0.120189841
0.151244881
0.207093818
0.310953839
0.115309519
0.153185569
0.256453883
0.221113738
0.218774748
0.243741618
0.354155535
0.137241339
0.151029645
0.13556593
0.291609735
0.254167398
0.151527049
0.153510344
0.190881276
0.202521451
0.236830387
0.161462633
0.111324814
0.187257061
0.243189137
0.197859331
0.240504606
0.108203415
0.33878276
0.300615081
0.300466682
0.278297234
0.292455495
0.07130636
0.113250363
0.13462643
0.237839239
0
0.206121716
0.196369787
0.247642016
0.243510351
0.213358185
0.156094919
0.084613117
0.039744599
0.090164102
0.090615071
0.055893208
0.157954586
0.219291014
0.130358078
0.122977376
0.134840642
0.072997123
0.152491012
0.055031932
0
0.010674124
0.181056617
0.180317999
0.115577474
0.00571473
0.074486778
0.051541753
0.121096655
0.071022863
0
0.036983372
0.094406248
0.058164976
0.107125842
0.004674785
0.031666485
0.04741333
0.066078533
0.100622738
0.146057619
0.200667841
0.078702085
0.121473789
0.133874125
0.154930282
0.213159504
0.118747352
0.127358469
0.123610028
0.057715386
0.158941369
0.106553017
0.121696249
0.08599573
0.068292791
0.129541797
0.10631076
0.149803512
0.064574034
0.130769459
0.087811877
0.120839906
0.04761008
0.125705597
0.148047811
0.101216216
0.180879521
0.124789987
0.084914381
0.088473078
0.135372431
0.093420579
0.222752543
0.063173831
0.187225286
0.013568779
0.169864525
0.122929436
0
0.274632977
0.252521732
0.093465533
0.114206143
0.070555017
0.251156969
0.040637434
0.177531782
0.140821927
0
0.11112544
0.241446875
0.011841768
0.299595485
0.04008461
0.085153917
0.222368214
0.132250397
0.071368337
0.078308849
0.075031348
0
0.05550603
0.13370208
0.287099822
0.034888011
0
0
0
0.136710347
0
0.132160978
0.119314959
0.06909689
0.148554275
0
0.041508877
0
0.150300273
0.15027184
0.111625125
0.122340209
0.151485956
0.111391132
0.169929882
0.123067647
0.1185468
0
0.212902602
0.149258458
0.099575501
0.157948687
0.089450308
0.244790065
0.085562107
0.103424927
0.109497576
0.301421336
0.309144223
0.121661951
0.120354743
0.227696729
0.065822517
0.179750535
0.192060281
0
0.130780562
0.018948812
0.038499495
0.139257318
0.073319157
0.024846952
0.249686761
0.37363417
0.158224533
0
0
0.235643289
0.178923981
0.062303876
0.085659865
0.28226028
0.122923826
0.10690906
0.194319921
0.138966131
0.327948024
0.341359014
0.115008481
0.122820022
0
0.186332768
0.187433338
0.107811649
0.261025886
0.115579008
0.107233673
0.109576423
0.115425088
0.285078808
0.195062895
0.148012171
0.297775893
0.279016408
0.233526233
0.149191408
0.198676289
0.220639918
0.122466414
0.202730577
0.154579113
0.091964129
0.146917173
0
0.086042344
0.066114239
0.206328747
0.389448036
0.073261875
0.010224334
0.256806038
0.080590208
0.093340546
0.093536958
0
0
0
0.079325417
0.149015116
0.16153895
0
0
0.204272542
0.059042167
0.181934413
0.166129694
0.151878074
0.109651964
0
0.092601343
0.167671259
0.162522894
0
0.221733594
0.083258123
0.048266193
0.242754424
0.071955667
0.053254655
0.108105164
0
0.084185941
0.143561349
0.07371336
0.13737861
0.05909115
0.023950363
0.091846005
0.091145075
0.10552023
0.091123178
0.150379756
0.077765657
0.188598388
0
0
0.097788551
0.135609713
0.02771344
0.173024076
0.093876899
0.157753488
0
0.139697398
0.044537474
0.162363507
0.052426658
0.094641464
0.117744235
0.227772608
0.118310629
0.034122109
0.036536196
0.057329589
0.025970657
0.219173466
0.089311057
0.093254693
0.038932077
0.098298202
0.13743749
0.070176623
0.115504412
0.077022967
0
0.164666754
0.050286813
0.06290834
0.038382839
0.026128416
0
0.087175787
0.181022286
0.046094067
0.19268845
0
0.016422608000000002
0.148418002
0.081657442
0.05083037
0.140125321
0.206504904
0.199375774
0.052593008
0.149103928
0
0.01786249
0.122802333
0
0.033195082
0.2073285
0.115309787
0.074860371
0.241812097
0
0.037547014
0.129481133
0.092670225
0.087577883
0.063130261
0.015661896
0.090082364
0.18882895
0
0
0
0.032511107
0.071151544
0
0.071103638
0.147188265
0.060984684
0
0
0.10483482
0.212581881
0
0.255667206
0.051277595
0.064602271
0.02965682
0.086420656
0.06856248
0.080974089
0.025800643
0.063338008
0.01622521
0.113572163
0.133220472
0.12352749
0.087155964
0.072564561
0.063898736
0.005755753
0.15084634
0.01708842
0.099252119
0.174820139
0.088500258
0.131153331
0.06477768
0.104670435
0
0.0986073
0.15644095
0.070055382
0.222194752
0
0
0
0.180059987
0.069320498
0.124591673
0.1938469
0.278546808
0.04090415
0.053234636
0.09179667
0.133375807
0
0.053682445
0.065159086
0.160643268
0.069800844
0
0.111990413
0.242949806
0.096782326
0.08627445
0
0.109581638
0
0.184320331
0
0.201089593
0.230795372
0.16872717
0.180363394
0.17218583
0.0945732
0.022426504
0.19773361
0.086141331
0
0.061659085
0.07908706
0.012186487
0.118957615
0.09107611
0.110913874
0.045304367
0
0.250528337
0.05931892
0.164182461
0.20643882
0.127082083
0.057503239
0.185074084
0
0.223051585
0.253003874
0.183892411
0.201438988
0.183310376
0.063914531
0.132967731
0.241287512
0.179435388
0.187574883
0.141270587
0.155907978
0.104366972
0.102116525
0.163198137
0.046610488
0.169695011
0.222108341
0.173741918
0.23228713
0.011026739
0.272735921
0.056403643
0.230210257
0
0.069181926
0.237540075
0
0.171090188
0.040534274
0
0.071419067
0.026414683
0.274342888
0
0
0.062637839
0
0.12417427
0.126942425
0.064426028
0.166811909
0.160332457
0.213408412
0.072197681
0.080420771
0.037353857
0.11056909
0.030479075
0.095667544
0.14847313
0.113739896
0.155273499
0.004256616
0.023725821
0.106901535
0.201227631
0.093911436
0
0.151801498
0.048951483
0.131583318
0.253975122
0.130472932
0.164097384
0.094400008999999993
0.138628229
0.102715298
0.103399108
0.135022941
0.122888353
0.156594289
0.129402503
0.069058116
0.215668439
0.188794926
0.138636136
0.246357588
0.195207881
0.109836128
0.223694936
0.262895005
0.198195773
0.158448402
0.18291313
0.206756576
0.106746058
0.090067669
0.138359212
0.266208157
0.158287303
0.20147134
0.038591443
0.235516628
0.252602864
0.328851329
0.237191513
0.26861295
0.316409967
0.205017216
0
0
0.269751318
0.249688047
0.262781419
0.206560222
0.171318678
0.236907919
0.246032572
0.242822812
0.170060155
0.228467133
0.098349558
0.089855997
0.143170847
0.179401007
0.272266929
0.182647143
0.26154798
0.248435177
0.17221927
0.121374174
0.257355817
0.307098021
0.220687547
0
0.09964187
0.064142227
0.132568696
0.130305896
0
0
0.338978089
0.292949542
0.199937601
0.258936435
0.27065841
0.233125329
0.337029943
0.160714435
0.236712895
0.223712459
0.173684318
0.228460536
0.244617741
0.194760736
0
0.253938098
0.160252048
0.232545144
0.355016295
0.220654489
0.196979873
0.229295968
0.142715194
0.188166136
0.169474012
0.227200256
0
0.272657153
0.247292472
0.164919437
0.129661165
0.165631039
0.247056252
0.283381127
0.40512136
0.224797752
0.281645763
0.216529698
0.33268583
0.27342028
0.122770561
0.066553332
0
0.286295967
0.356047752
0.244301915
0
0.263634307
0.129315365
0.156879362
0.206398225
0.17783368
0.246467664
0.34642809
0.247606916
0.358195369
0.270623934
0.281989263
0.202925176
0.287934786
0.27721908
0.292860119
0.261781058
0.359202352
0.278025363
0.320087621
0.187251786
0.279879599
0.250348622
0.333434203
0.314232114
0.237715999
0.279754326
0.373648234
0.23682752
0.248741908
0.323164242
0
0
0.216833541
0.13265426
0.24303517
0.312078317
0.311483745
0.32296504
0.360457854
0
0.182254633
0.226506401
0.220607494
0.058829131
0.174242394
0.059523833
0
0.195581434
0.134309823
0.119234722
0.182325407
0.087932729
0.072592832
0.169992786
0.170489718
0.05121081
0.167320595
0.234545199
0.163063182
0.152456276
0.021051193
0.044353845
0
0.083199806
0
0.113093503
0
0
0.051922444
0.11970188
0.10236369
0.216346311
0.01809436
0.094699131
0.081905896
0.127877825
0.109448135
0
0.093458955
0.088947136
0.155947427
0.125662355
0.073955732
0
0
0.252253213
0.084352231
0.167385791
0.004815661
0.20255132
0.033304298
0.178176722
0.066552542
0.035016466
0
0
0.143559826
0.079426515
0.088636316
0.065767553
0
0.196012056
0.031936305
0.058100456
0.095567469
0
0.006512519
0.175365407
0
0.154178058
0.013698849
0.101814494
0
0
0
0.01885973
0.142269921
0
0
0
0.012858081
0
0.0688957
0.008630415
0.025541734
0
0
0
0.023728228
0.119389011
0.041119738
0
0
0
0
0
0
0
0.12833714
0
0
0
0.056401482
0
0
0
0
0
0
0
0
0
0
0
0
0
0
0
0
0
0
0
0
0
0
0
0
0
0
0
0
0
0
0
0
0
0
0.076678
0
0
0
0
0
0
0
0
0
0
0
0
0
0.094091937
0
0
0
0
0
0
0
0.119583155
0
0.211980166
0.131417404
0.183756113
0
0.099991177
0.082967417
0.09205239
0.141933378
0.070686788
0
0.190827105
0
0
0
0.024880516
0.201464397
0
0.186172751
0.251928562
0.094814831
0.074109535
0.111412376
0
0.206426577
0.045611967
0.083343441
0.001772671
0.090535103
0
0.032918181
0.033347844
0.167485486
0.049397157
0.163650424
0.112844586
0
0.012412446
0
0.081819002
0.057429601
0.073250016
0.199129159
0.280938056
0.164073799
0.022849972
0.015607386
0.029231837
0.074339426
0.052925199
0.072421672
0.190100034
0
0.012372194
0
0.029878735
0.094702586
0.067614334
0.088979774
0.053533259
0
0.104015418
0.291069391
0.125104252
0.14021571
0.039101627
0.060594257
0.169286881
0.127985436
0.019644464
0.10582789
0.168657878
0.023598003
0.119273586
0
0.106327963
0.198717264
0.304666219
0.055660888
0.24684187
0.125958183
0
0.169225859
0.144870178
0.093912928
0.239753429
0.126761066
0.048743472
0.062959529
0.142895157
0.177045365
0
0.155031609
0.253220354
0.139044484
0.045160624
0.057605654
0
0.193686049
0
0.113561116
0.11915188
0.205925174
0
0.15495494
0.115597166
0.16168573
0
0.170468563
0
0.079991966
0.133172203
0.149159342
0.022917155
0.136033538
0.143637868
0.028789039
0
0
0
0
0.074514464
0
0.037915797
0.228307917
0.233635914
0.026341293000000002
0.051444426
0.061908349
0.094956073
0.057560375
0.266069479
0.114313027
0.141316265
0.203136644
0.08255525
0.096785833
0.30470428
0.208577479
0.051564594
0.112743697
0.21697258
0.118127165
0.155127457
0.201732271
0.307686131
0.050492971
0.103783416
0.247460956
0.193649308
0.148716839
0.24306212
0.057216441
0.143793121
0.154197651
0.036469933
0.171113978
0.174971537
0.003118912
0.244016311
0.150135553
0.115437047
0.150967924
0.097637832
0.141351763
0
0.048952797
0.003330679
0.169581941
0.08795735
0.114879737
0.251497931
0.139627107
0.20180063
0.161380969
0.242218334
0.208049649
0.136726985
0.07144812
0.256328566
0.091885169
0.143709905
0.108283087
0.166116117
0.12386918
0.201549232
0.133578383
0.178367284
0.133750528
0.167728385
0.140306198
0.235712751
0.157428913
0.241563136
0.182286355
0.139783199
0
0.081477735
0.119771949
0.176226096
0.168076066
0
0.095068198
0.203910936
0.043337697
0.147778305
0.035403983
0.119640142
